Task B:

Starting matrix A:
-2.377	0.803	1.642	-0.841	
2.050	-2.218	0.349	1.885	
0.566	1.297	-1.453	2.172	
0.533	-2.375	1.657	1.422	

Inverse matrix B:
1.610	3.141	-0.396	-2.606	
1.737	2.648	-0.084	-2.353	
2.046	3.078	-0.331	-2.363	
-0.088	-0.341	0.393	0.503	

Is AB=I?
AB=
1.000	0.000	-0.000	-0.000	
0.000	1.000	0.000	0.000	
0.000	0.000	1.000	0.000	
-0.000	-0.000	0.000	1.000	

BA=
1.000	0.000	0.000	-0.000	
-0.000	1.000	0.000	-0.000	
-0.000	0.000	1.000	-0.000	
0.000	-0.000	-0.000	1.000	

