Task A, testing cyclic sweep diagonalization:

A=
-5.961	-0.678	-4.441	6.249	8.942	
-0.678	-7.245	6.946	3.196	-2.226	
-4.441	6.946	-2.904	4.629	6.289	
6.249	3.196	4.629	-7.456	-1.527	
8.942	-2.226	6.289	-1.527	-0.433	

V=
-0.582	-0.214	-0.474	-0.444	0.440	
0.185	-0.790	-0.231	0.519	0.134	
-0.481	0.307	0.261	0.641	0.442	
0.438	0.476	-0.686	0.195	0.268	
0.451	-0.088	0.427	-0.290	0.722	

D=
-21.059	0.000	-0.000	0.000	0.000	
0.000	-12.303	-0.000	0.000	-0.000	
0.000	0.000	-2.866	-0.000	-0.000	
-0.000	0.000	0.000	4.354	0.000	
0.000	0.000	0.000	0.000	7.876	

V^TAV=
-21.059	0.000	0.000	0.000	-0.000	
0.000	-12.303	0.000	-0.000	-0.000	
0.000	0.000	-2.866	0.000	0.000	
-0.000	0.000	0.000	4.354	0.000	
-0.000	-0.000	0.000	0.000	7.876	

Testing O(n^3):
n= 2,	time=0.0002538070002628956
n= 3,	time=0.003621994001150597
n= 4,	time=0.01832818300135841
n= 5,	time=0.06392051399961929
n= 6,	time=0.16812432200094918
n= 7,	time=0.3576305360002152
n= 8,	time=0.6881314199999906
n= 9,	time=1.3372007189991564
